var waterbody1 = /* color: #d63000 */ee.Geometry.Polygon(
        [[[90.70650062584228, 23.345600498518188],
          [90.70650599026031, 23.345457666480918],
          [90.70653281235046, 23.34534438579035],
          [90.70656499885864, 23.34525080601654],
          [90.70665082954712, 23.34524588076348],
          [90.70676884674377, 23.345329610040974],
          [90.70673666023559, 23.34542811500574],
          [90.70664010071106, 23.345437965498196],
          [90.70659182094879, 23.345570947074798]]]),
    waterbody2 = /* color: #98ff00 */ee.Geometry.Polygon(
        [[[90.70712289833374, 23.345231105003133],
          [90.70706925415344, 23.34516707668934],
          [90.7070263388092, 23.34475335453264],
          [90.70709071182556, 23.344704101809057],
          [90.70734820389099, 23.344723802900685],
          [90.7073321106369, 23.344773055616965],
          [90.70741257690734, 23.344787831428274],
          [90.70746085666961, 23.344940514715617],
          [90.70748767875976, 23.34525080601654],
          [90.70714435600586, 23.3452655817747]]]),
    waterbody3 = /* color: #0b4a8b */ee.Geometry.Polygon(
        [[[90.70878050350494, 23.34520647873225],
          [90.70867321514434, 23.345176927201173],
          [90.7086839439804, 23.344832158852366],
          [90.708791232341, 23.344777980887585],
          [90.70891461395568, 23.34482230831496],
          [90.70890924953765, 23.344930664186254],
          [90.70883414768524, 23.344965141035846],
          [90.70879659675903, 23.34500946840073],
          [90.70883414768524, 23.345093197827353]]]),
    waterbody4 = /* color: #ffc82d */ee.Geometry.Polygon(
        [[[90.7069351437027, 23.343458001823038],
          [90.7068654062683, 23.343438300543568],
          [90.70680103325195, 23.343423524582047],
          [90.70680103325195, 23.343349644749775],
          [90.70679566883392, 23.343275764876388],
          [90.70683858417816, 23.34322158627644],
          [90.70678493999786, 23.343172332984565],
          [90.70681176208801, 23.343103378345265],
          [90.70686004185028, 23.343059050343935],
          [90.70694587253875, 23.34302457299934],
          [90.70704243206329, 23.34311815434241],
          [90.70712289833374, 23.343103378345265],
          [90.70710144066162, 23.343295466179967],
          [90.70703706764526, 23.343458001823038]]]),
    waterbody5 = /* color: #bf04c2 */ee.Geometry.Polygon(
        [[[90.70692441486663, 23.34391605574656],
          [90.70685467743225, 23.34381262435359],
          [90.70686004185028, 23.343738744737838],
          [90.7068654062683, 23.343699342259296],
          [90.70692441486663, 23.343669790392713],
          [90.70694050812072, 23.343630387893707],
          [90.70698342346496, 23.34360083601177],
          [90.7070263388092, 23.343610686639806],
          [90.70702097439117, 23.34366486508097],
          [90.7070799829895, 23.34367471570426],
          [90.70714435600586, 23.343679641015633],
          [90.70719263576812, 23.343738744737838],
          [90.70716044925994, 23.343783072512228],
          [90.70712826275177, 23.343837250883023],
          [90.70710144066162, 23.343881578624522],
          [90.70704243206329, 23.34391605574656],
          [90.70698878788299, 23.343911130443953]]]);
